85607486
79150892
117281558
107246537
134850293
123265755
144433254
132460401
36006043
32516745
67000128
61713373
76030260
69938300
43078571
40247089
66809137
60158541
103854497
95446986
32483236
30182584
77693536
71100402
85607486
79150892
117281558
107246537
134850293
123265755
144433254
132460401
36006043
32516745
67000128
61713373
76030260
69938300
43078571
40247089
66809137
60158541
103854497
95446986
32483236
30182584
77693536
71100402
85607486
79150892
117281558
107246537
134850293
123265755
144433254
132460401
36006043
32516745
67000128
61713373
76030260
69938300
43078571
40247089
66809137
60158541
103854497
95446986
32483236
30182584
77693536
71100402
