88724174
80638141
127535024
116697830
40650238
37911598
82707308
74948005
4233844
3859978
127193199
116502970
3785674
3457029
48901631
45912220
43245349
40337620
18316587
16662464
27137478
25009615
41788637
39037884
41531950
38661896
27500043
25331172
18593464
16909499
341784600
319393285
39018152
36409116
45812017
42829786
148543554
136201730
113927159
104125201
134452821
122983566
37264069
34683871
45422431
42434672
94615791
86147141
70714533
63667351
140542639
128876924
88724174
80638141
127535024
116697830
40650238
37911598
82707308
74948005
4233844
3859978
127193199
116502970
3785674
3457029
48901631
45912220
43245349
40337620
18316587
16662464
27137478
25009615
41788637
39037884
41531950
38661896
27500043
25331172
18593464
16909499
341784600
319393285
39018152
36409116
45812017
42829786
148543554
136201730
113927159
104125201
134452821
122983566
37264069
34683871
45422431
42434672
94615791
86147141
70714533
63667351
140542639
128876924
88724174
80638141
127535024
116697830
40650238
37911598
82707308
74948005
4233844
3859978
127193199
116502970
3785674
3457029
48901631
45912220
43245349
40337620
18316587
16662464
27137478
25009615
41788637
39037884
41531950
38661896
27500043
25331172
18593464
16909499
341784600
319393285
39018152
36409116
45812017
42829786
148543554
136201730
113927159
104125201
134452821
122983566
37264069
34683871
45422431
42434672
94615791
86147141
70714533
63667351
140542639
128876924
