478416401
302450174
414812783
363580693
365913910
411439473
372037027
368252592
317843262
460598951
370412848
369485873
390516925
400108253
399705078
383360037
392882015
346210407
381247993
251482169
474674484
456751364
364968186
356754313
358278748
346491065
359945956
435423678
413924426
404374934
437374664
375647769
369330035
410307557
446985034
415849058
478416401
302450174
414812783
363580693
365913910
411439473
372037027
368252592
317843262
460598951
370412848
369485873
390516925
400108253
399705078
383360037
392882015
346210407
381247993
251482169
474674484
456751364
364968186
356754313
358278748
346491065
359945956
435423678
413924426
404374934
437374664
375647769
369330035
410307557
446985034
415849058
478416401
302450174
414812783
363580693
365913910
411439473
372037027
368252592
317843262
460598951
370412848
369485873
390516925
400108253
399705078
383360037
392882015
346210407
381247993
251482169
474674484
456751364
364968186
356754313
358278748
346491065
359945956
435423678
413924426
404374934
437374664
375647769
369330035
410307557
446985034
415849058
