18621427
17020466
75428377
67954875
3908754
3539169
41426992
38703526
313140968
292802541
23035159
21254356
27654270
25554285
52148764
47868800
17264399
15622860
140896376
129238303
22455175
20652157
22367944
20573132
80625713
74730373
75498666
69725788
116472961
106741636
71404543
65134281
19880231
17928081
21369124
19658792
23938253
22074732
10559282
9560595
19489488
17961407
24703658
22558552
18268776
16860140
10150541
9175329
22029238
20207197
5455764
4893068
18621427
17020466
75428377
67954875
3908754
3539169
41426992
38703526
313140968
292802541
23035159
21254356
27654270
25554285
52148764
47868800
17264399
15622860
140896376
129238303
22455175
20652157
22367944
20573132
80625713
74730373
75498666
69725788
116472961
106741636
71404543
65134281
19880231
17928081
21369124
19658792
23938253
22074732
10559282
9560595
19489488
17961407
24703658
22558552
18268776
16860140
10150541
9175329
22029238
20207197
5455764
4893068
18621427
17020466
75428377
67954875
3908754
3539169
41426992
38703526
313140968
292802541
23035159
21254356
27654270
25554285
52148764
47868800
17264399
15622860
140896376
129238303
22455175
20652157
22367944
20573132
80625713
74730373
75498666
69725788
116472961
106741636
71404543
65134281
19880231
17928081
21369124
19658792
23938253
22074732
10559282
9560595
19489488
17961407
24703658
22558552
18268776
16860140
10150541
9175329
22029238
20207197
5455764
4893068
