72312181
65211581
134679444
123263683
73234628
65960462
102407264
93166637
137158076
125221129
84709045
76697629
102417994
93205924
40657465
37919549
90146012
81485239
35381881
32808441
24177223
22104956
15760962
14195688
331200820
309542969
45411288
42499154
37732315
34958674
36156433
33579527
24968313
22860172
15626605
14087024
37038841
34271725
40997147
38221034
43180245
40351072
40361612
37586950
3553397
3237055
3899584
3553003
125765801
114919703
122382743
111703916
72312181
65211581
134679444
123263683
73234628
65960462
102407264
93166637
137158076
125221129
84709045
76697629
102417994
93205924
40657465
37919549
90146012
81485239
35381881
32808441
24177223
22104956
15760962
14195688
331200820
309542969
45411288
42499154
37732315
34958674
36156433
33579527
24968313
22860172
15626605
14087024
37038841
34271725
40997147
38221034
43180245
40351072
40361612
37586950
3553397
3237055
3899584
3553003
125765801
114919703
122382743
111703916
72312181
65211581
134679444
123263683
73234628
65960462
102407264
93166637
137158076
125221129
84709045
76697629
102417994
93205924
40657465
37919549
90146012
81485239
35381881
32808441
24177223
22104956
15760962
14195688
331200820
309542969
45411288
42499154
37732315
34958674
36156433
33579527
24968313
22860172
15626605
14087024
37038841
34271725
40997147
38221034
43180245
40351072
40361612
37586950
3553397
3237055
3899584
3553003
125765801
114919703
122382743
111703916
