17175291
14859551
6341751
5530757
15037668
13036402
7177287
6288508
11869057
10313330
6751124
5929366
17480596
15126760
7397479
6493523
17486747
15173626
8164987
7136245
15437645
13345486
6897256
6061509
18555782
16076385
16333893
14126703
17210426
14892507
8059642
7048206
16387932
14187849
6624488
5823254
18790460
16285833
8207281
7156222
10859353
9415492
7343676
6458570
17175291
14859551
6341751
5530757
15037668
13036402
7177287
6288508
11869057
10313330
6751124
5929366
17480596
15126760
7397479
6493523
17486747
15173626
8164987
7136245
15437645
13345486
6897256
6061509
18555782
16076385
16333893
14126703
17210426
14892507
8059642
7048206
16387932
14187849
6624488
5823254
18790460
16285833
8207281
7156222
10859353
9415492
7343676
6458570
17175291
14859551
6341751
5530757
15037668
13036402
7177287
6288508
11869057
10313330
6751124
5929366
17480596
15126760
7397479
6493523
17486747
15173626
8164987
7136245
15437645
13345486
6897256
6061509
18555782
16076385
16333893
14126703
17210426
14892507
8059642
7048206
16387932
14187849
6624488
5823254
18790460
16285833
8207281
7156222
10859353
9415492
7343676
6458570
