27971364
22677622
33477171
41527455
37055004
30465888
40122256
40971153
39886504
104651343
104099231
102387866
105687928
105081139
66149629
56209469
64569159
64203282
57877921
64588169
59751143
54701421
65786088
68107864
34206816
4690859
18744074
26543178
55963889
45013820
28325927
46868352
13293170
56109475
90755344
89600068
90297553
93347600
71462164
76930571
56642589
55761664
92931551
92153417
72307615
71194873
67379054
38883673
48042735
49704555
32160862
52911856
84047853
78957189
41360279
90169067
90887284
91518123
44697142
55471959
60287835
54576053
55587965
91487998
39421429
31417076
34884541
32759698
31722506
30281223
42828391
40558410
41950460
39377492
72835258
60375266
54136172
58014036
57786205
60433046
54896079
59875761
61918339
62701463
21176584
21315192
55922069
59646971
24247303
46755792
47772240
41450725
46542793
55991059
41209924
27940090
40516682
36773331
40565386
44050530
25478150
39166533
37945780
23261471
97263052
92275160
92727777
93885220
92843436
27971364
22677622
33477171
41527455
37055004
30465888
40122256
40971153
39886504
104651343
104099231
102387866
105687928
105081139
66149629
56209469
64569159
64203282
57877921
64588169
59751143
54701421
65786088
68107864
34206816
4690859
18744074
26543178
55963889
45013820
28325927
46868352
13293170
56109475
90755344
89600068
90297553
93347600
71462164
76930571
56642589
55761664
92931551
92153417
72307615
71194873
67379054
38883673
48042735
49704555
32160862
52911856
84047853
78957189
41360279
90169067
90887284
91518123
44697142
55471959
60287835
54576053
55587965
91487998
39421429
31417076
34884541
32759698
31722506
30281223
42828391
40558410
41950460
39377492
72835258
60375266
54136172
58014036
57786205
60433046
54896079
59875761
61918339
62701463
21176584
21315192
55922069
59646971
24247303
46755792
47772240
41450725
46542793
55991059
41209924
27940090
40516682
36773331
40565386
44050530
25478150
39166533
37945780
23261471
97263052
92275160
92727777
93885220
92843436
27971364
22677622
33477171
41527455
37055004
30465888
40122256
40971153
39886504
104651343
104099231
102387866
105687928
105081139
66149629
56209469
64569159
64203282
57877921
64588169
59751143
54701421
65786088
68107864
34206816
4690859
18744074
26543178
55963889
45013820
28325927
46868352
13293170
56109475
90755344
89600068
90297553
93347600
71462164
76930571
56642589
55761664
92931551
92153417
72307615
71194873
67379054
38883673
48042735
49704555
32160862
52911856
84047853
78957189
41360279
90169067
90887284
91518123
44697142
55471959
60287835
54576053
55587965
91487998
39421429
31417076
34884541
32759698
31722506
30281223
42828391
40558410
41950460
39377492
72835258
60375266
54136172
58014036
57786205
60433046
54896079
59875761
61918339
62701463
21176584
21315192
55922069
59646971
24247303
46755792
47772240
41450725
46542793
55991059
41209924
27940090
40516682
36773331
40565386
44050530
25478150
39166533
37945780
23261471
97263052
92275160
92727777
93885220
92843436
