3971525
3597752
29398609
26080858
118616636
108584861
143322216
131511255
126905082
116126097
34780884
31635892
76649681
70947522
54091812
49338137
20726449
19078194
23250306
21437438
24066394
22209402
32627780
30325953
239974724
222693816
29632448
27392117
47682173
44574855
11933492
10768754
22292742
20505192
30007404
27748679
48870016
45734276
13097428
11830962
23330278
21494206
79877043
72211757
2864383
2619112
57912576
51813797
72368376
66955669
20919419
19241771
3971525
3597752
29398609
26080858
118616636
108584861
143322216
131511255
126905082
116126097
34780884
31635892
76649681
70947522
54091812
49338137
20726449
19078194
23250306
21437438
24066394
22209402
32627780
30325953
239974724
222693816
29632448
27392117
47682173
44574855
11933492
10768754
22292742
20505192
30007404
27748679
48870016
45734276
13097428
11830962
23330278
21494206
79877043
72211757
2864383
2619112
57912576
51813797
72368376
66955669
20919419
19241771
3971525
3597752
29398609
26080858
118616636
108584861
143322216
131511255
126905082
116126097
34780884
31635892
76649681
70947522
54091812
49338137
20726449
19078194
23250306
21437438
24066394
22209402
32627780
30325953
239974724
222693816
29632448
27392117
47682173
44574855
11933492
10768754
22292742
20505192
30007404
27748679
48870016
45734276
13097428
11830962
23330278
21494206
79877043
72211757
2864383
2619112
57912576
51813797
72368376
66955669
20919419
19241771
