82630142
74925166
26897823
24120715
47467218
43324160
82702902
76160445
22899805
21410467
94190059
86429834
28489902
26333556
72397362
65962775
110082551
100132205
97056518
88185521
47776625
42677168
58644165
53656845
82630142
74925166
26897823
24120715
47467218
43324160
82702902
76160445
22899805
21410467
94190059
86429834
28489902
26333556
72397362
65962775
110082551
100132205
97056518
88185521
47776625
42677168
58644165
53656845
82630142
74925166
26897823
24120715
47467218
43324160
82702902
76160445
22899805
21410467
94190059
86429834
28489902
26333556
72397362
65962775
110082551
100132205
97056518
88185521
47776625
42677168
58644165
53656845
