173816020
101134902
393332231
232330795
280862298
163790607
303355485
177136700
75983800
43722028
279333255
162937301
344581478
202029005
522575219
313962593
308387000
180155111
173816020
101134902
393332231
232330795
280862298
163790607
303355485
177136700
75983800
43722028
279333255
162937301
344581478
202029005
522575219
313962593
308387000
180155111
173816020
101134902
393332231
232330795
280862298
163790607
303355485
177136700
75983800
43722028
279333255
162937301
344581478
202029005
522575219
313962593
308387000
180155111
