109288891
101928159
188086683
173562124
120201425
109814934
118132555
107602014
64591380
59337854
75240287
69116195
139581206
130818490
36903260
34310322
93202848
85396316
28112362
25914557
72089044
65667431
222715620
206068849
109288891
101928159
188086683
173562124
120201425
109814934
118132555
107602014
64591380
59337854
75240287
69116195
139581206
130818490
36903260
34310322
93202848
85396316
28112362
25914557
72089044
65667431
222715620
206068849
109288891
101928159
188086683
173562124
120201425
109814934
118132555
107602014
64591380
59337854
75240287
69116195
139581206
130818490
36903260
34310322
93202848
85396316
28112362
25914557
72089044
65667431
222715620
206068849
