3810816
1392434
1257152
1085168
3275416
2107512
2617486
3192218
3133188
2344112
2988043
2357143
3180398
3369118
3470614
1862569
3202376
1423979
2378639
2905141
1489786
3422154
1270833
3301132
3557543
3015947
2337081
952357
706003
935460
2752344
3528313
1507999
1177780
802251
2531117
2733830
1975983
942277
1100181
691909
3512619
3810816
1392434
1257152
1085168
3275416
2107512
2617486
3192218
3133188
2344112
2988043
2357143
3180398
3369118
3470614
1862569
3202376
1423979
2378639
2905141
1489786
3422154
1270833
3301132
3557543
3015947
2337081
952357
706003
935460
2752344
3528313
1507999
1177780
802251
2531117
2733830
1975983
942277
1100181
691909
3512619
3810816
1392434
1257152
1085168
3275416
2107512
2617486
3192218
3133188
2344112
2988043
2357143
3180398
3369118
3470614
1862569
3202376
1423979
2378639
2905141
1489786
3422154
1270833
3301132
3557543
3015947
2337081
952357
706003
935460
2752344
3528313
1507999
1177780
802251
2531117
2733830
1975983
942277
1100181
691909
3512619
4478561
1677247
1507446
1298535
3842642
2488263
3079184
3740151
3672574
2780016
3485332
2766225
3739815
3956878
4064776
2206162
3769080
1689881
2795981
3411849
1786533
4007038
1532645
3876313
4173214
3539546
2760396
1153059
856365
1137027
3268558
4155721
1807469
1415539
964482
3002145
3236066
2370300
1131714
1324106
833712
4129106
