168453746
99675320
85892626
50430761
98807721
58338298
159608298
94259424
138093218
80818470
171838149
100931567
166444967
97698403
174981499
103054396
173084643
101826828
148963235
87988105
103583322
59703976
160374446
94079805
128742569
75865107
76055044
43603827
138884864
81596831
169274390
99863259
166975700
98532563
124672914
75077709
124672914
75090841
35930836
21406027
188074733
111588834
163157161
96339025
70043473
40496666
159882519
94177192
80368782
46909760
160383698
94073252
162128990
95085817
97758701
56426879
94971957
54826955
110446746
63947581
96722776
55795683
104494655
60368291
95126055
54966496
158891771
93109710
140256477
81884303
122885181
71835607
113834529
65851933
141165212
82289115
135531393
79466699
100879217
58204407
114833336
66388470
115851609
66975538
166768059
98044467
166852866
98045121
164199943
96185993
66731392
38770957
139028239
81249323
82364614
47436878
169744031
99799627
157454868
92268608
143082118
84082587
132747867
78040632
85050207
48888740
153270699
89694482
118202142
68874939
157791704
93132333
61795383
36002832
75396683
44188225
139743950
82062202
78573836
46184435
73089237
42463679
184465886
109409033
162063443
96050106
61591366
35497986
152143217
89641799
183570683
108605926
8958194
4445570
6835045
3239346
108036832
63233294
82497352
48398929
76160560
44694403
69880303
40646138
60502398
35553222
55467089
32590244
69953786
41180247
69042002
40228245
136062572
80346792
141724638
84840717
65214719
37934573
59085803
34329705
151756707
89297808
74253851
43157401
58504383
34127767
68615898
39802804
65188864
38248522
62483951
36489081
76624249
44664473
74210869
43174597
74096271
42833884
73770286
43076699
142199379
83912348
77981519
45657577
70645404
41416819
77332261
45500879
154040521
90665036
179209354
105582423
175813159
103436958
167703394
98431119
167898184
98522099
73570129
42304267
168662568
99171625
97495120
56830048
165343413
97060801
77142376
44348028
127622397
74451011
101514655
58349155
102221033
58916626
101756053
58520013
110677414
63985654
124438664
72152235
112649924
65114512
155873890
91348799
159773689
93649270
164546604
96433872
162248620
95153460
80981169
46634320
163852435
96073062
77496647
44466031
106484208
61524720
147386834
86376961
171982857
101050045
158505586
92909934
152107282
89153158
176135510
103510230
155525130
91347879
187761565
111343790
71913925
42418079
155463466
91596352
42725105
24438308
102008372
60280015
25075697
14629932
16699251
9136529
19130932
10502767
25140228
14521104
171802464
101413416
6226800
3543893
56548711
32968168
76120606
44140526
169217056
100081810
169828002
100157896
56970458
33163607
12542639
6857945
6823140
3288992
3399286
1189318
55870606
32511011
54526503
31740800
57972696
34103063
51463712
30114778
49096211
28298290
25482544
14501978
19825701
11327661
23954656
13832125
17160456
9635134
14698135
8275815
181860354
107761239
26727178
15159925
121612747
71988552
69841007
40455375
66392736
38907855
67703836
39442437
64981612
37987091
67712450
39596491
160779569
94864385
62554089
36266920
61852557
36046039
72355093
42252671
62647828
36593837
82860222
48442474
63526180
36854623
67476237
39232048
150063783
89337017
125696259
73650496
35744366
20887075
120313002
71814728
90900309
53338788
57529953
33584445
171752031
101444153
21157952
11514549
168453746
99675320
85892626
50430761
98807721
58338298
159608298
94259424
138093218
80818470
171838149
100931567
166444967
97698403
174981499
103054396
173084643
101826828
148963235
87988105
103583322
59703976
160374446
94079805
128742569
75865107
76055044
43603827
138884864
81596831
169274390
99863259
166975700
98532563
124672914
75077709
124672914
75090841
35930836
21406027
188074733
111588834
163157161
96339025
70043473
40496666
159882519
94177192
80368782
46909760
160383698
94073252
162128990
95085817
97758701
56426879
94971957
54826955
110446746
63947581
96722776
55795683
104494655
60368291
95126055
54966496
158891771
93109710
140256477
81884303
122885181
71835607
113834529
65851933
141165212
82289115
135531393
79466699
100879217
58204407
114833336
66388470
115851609
66975538
166768059
98044467
166852866
98045121
164199943
96185993
66731392
38770957
139028239
81249323
82364614
47436878
169744031
99799627
157454868
92268608
143082118
84082587
132747867
78040632
85050207
48888740
153270699
89694482
118202142
68874939
157791704
93132333
61795383
36002832
75396683
44188225
139743950
82062202
78573836
46184435
73089237
42463679
184465886
109409033
162063443
96050106
61591366
35497986
152143217
89641799
183570683
108605926
8958194
4445570
6835045
3239346
108036832
63233294
82497352
48398929
76160560
44694403
69880303
40646138
60502398
35553222
55467089
32590244
69953786
41180247
69042002
40228245
136062572
80346792
141724638
84840717
65214719
37934573
59085803
34329705
151756707
89297808
74253851
43157401
58504383
34127767
68615898
39802804
65188864
38248522
62483951
36489081
76624249
44664473
74210869
43174597
74096271
42833884
73770286
43076699
142199379
83912348
77981519
45657577
70645404
41416819
77332261
45500879
154040521
90665036
179209354
105582423
175813159
103436958
167703394
98431119
167898184
98522099
73570129
42304267
168662568
99171625
97495120
56830048
165343413
97060801
77142376
44348028
127622397
74451011
101514655
58349155
102221033
58916626
101756053
58520013
110677414
63985654
124438664
72152235
112649924
65114512
155873890
91348799
159773689
93649270
164546604
96433872
162248620
95153460
80981169
46634320
163852435
96073062
77496647
44466031
106484208
61524720
147386834
86376961
171982857
101050045
158505586
92909934
152107282
89153158
176135510
103510230
155525130
91347879
187761565
111343790
71913925
42418079
155463466
91596352
42725105
24438308
102008372
60280015
25075697
14629932
16699251
9136529
19130932
10502767
25140228
14521104
171802464
101413416
6226800
3543893
56548711
32968168
76120606
44140526
169217056
100081810
169828002
100157896
56970458
33163607
12542639
6857945
6823140
3288992
3399286
1189318
55870606
32511011
54526503
31740800
57972696
34103063
51463712
30114778
49096211
28298290
25482544
14501978
19825701
11327661
23954656
13832125
17160456
9635134
14698135
8275815
181860354
107761239
26727178
15159925
121612747
71988552
69841007
40455375
66392736
38907855
67703836
39442437
64981612
37987091
67712450
39596491
160779569
94864385
62554089
36266920
61852557
36046039
72355093
42252671
62647828
36593837
82860222
48442474
63526180
36854623
67476237
39232048
150063783
89337017
125696259
73650496
35744366
20887075
120313002
71814728
90900309
53338788
57529953
33584445
171752031
101444153
21157952
11514549
168453746
99675320
85892626
50430761
98807721
58338298
159608298
94259424
138093218
80818470
171838149
100931567
166444967
97698403
174981499
103054396
173084643
101826828
148963235
87988105
103583322
59703976
160374446
94079805
128742569
75865107
76055044
43603827
138884864
81596831
169274390
99863259
166975700
98532563
124672914
75077709
124672914
75090841
35930836
21406027
188074733
111588834
163157161
96339025
70043473
40496666
159882519
94177192
80368782
46909760
160383698
94073252
162128990
95085817
97758701
56426879
94971957
54826955
110446746
63947581
96722776
55795683
104494655
60368291
95126055
54966496
158891771
93109710
140256477
81884303
122885181
71835607
113834529
65851933
141165212
82289115
135531393
79466699
100879217
58204407
114833336
66388470
115851609
66975538
166768059
98044467
166852866
98045121
164199943
96185993
66731392
38770957
139028239
81249323
82364614
47436878
169744031
99799627
157454868
92268608
143082118
84082587
132747867
78040632
85050207
48888740
153270699
89694482
118202142
68874939
157791704
93132333
61795383
36002832
75396683
44188225
139743950
82062202
78573836
46184435
73089237
42463679
184465886
109409033
162063443
96050106
61591366
35497986
152143217
89641799
183570683
108605926
8958194
4445570
6835045
3239346
108036832
63233294
82497352
48398929
76160560
44694403
69880303
40646138
60502398
35553222
55467089
32590244
69953786
41180247
69042002
40228245
136062572
80346792
141724638
84840717
65214719
37934573
59085803
34329705
151756707
89297808
74253851
43157401
58504383
34127767
68615898
39802804
65188864
38248522
62483951
36489081
76624249
44664473
74210869
43174597
74096271
42833884
73770286
43076699
142199379
83912348
77981519
45657577
70645404
41416819
77332261
45500879
154040521
90665036
179209354
105582423
175813159
103436958
167703394
98431119
167898184
98522099
73570129
42304267
168662568
99171625
97495120
56830048
165343413
97060801
77142376
44348028
127622397
74451011
101514655
58349155
102221033
58916626
101756053
58520013
110677414
63985654
124438664
72152235
112649924
65114512
155873890
91348799
159773689
93649270
164546604
96433872
162248620
95153460
80981169
46634320
163852435
96073062
77496647
44466031
106484208
61524720
147386834
86376961
171982857
101050045
158505586
92909934
152107282
89153158
176135510
103510230
155525130
91347879
187761565
111343790
71913925
42418079
155463466
91596352
42725105
24438308
102008372
60280015
25075697
14629932
16699251
9136529
19130932
10502767
25140228
14521104
171802464
101413416
6226800
3543893
56548711
32968168
76120606
44140526
169217056
100081810
169828002
100157896
56970458
33163607
12542639
6857945
6823140
3288992
3399286
1189318
55870606
32511011
54526503
31740800
57972696
34103063
51463712
30114778
49096211
28298290
25482544
14501978
19825701
11327661
23954656
13832125
17160456
9635134
14698135
8275815
181860354
107761239
26727178
15159925
121612747
71988552
69841007
40455375
66392736
38907855
67703836
39442437
64981612
37987091
67712450
39596491
160779569
94864385
62554089
36266920
61852557
36046039
72355093
42252671
62647828
36593837
82860222
48442474
63526180
36854623
67476237
39232048
150063783
89337017
125696259
73650496
35744366
20887075
120313002
71814728
90900309
53338788
57529953
33584445
171752031
101444153
21157952
11514549
