28615249
25740998
30919995
27913369
77101723
70185897
67053200
61098300
150961010
136659854
155051751
140768036
63249549
57957448
74246485
68230929
159920769
145160796
80856884
74032279
196821194
178394623
122605972
107701735
159200438
143119532
36266248
32108505
165142070
149624433
71849762
66028956
28615249
25740998
30919995
27913369
77101723
70185897
67053200
61098300
150961010
136659854
155051751
140768036
63249549
57957448
74246485
68230929
159920769
145160796
80856884
74032279
196821194
178394623
122605972
107701735
159200438
143119532
36266248
32108505
165142070
149624433
71849762
66028956
28615249
25740998
30919995
27913369
77101723
70185897
67053200
61098300
150961010
136659854
155051751
140768036
63249549
57957448
74246485
68230929
159920769
145160796
80856884
74032279
196821194
178394623
122605972
107701735
159200438
143119532
36266248
32108505
165142070
149624433
71849762
66028956
