465711008
358809746
333887254
255526551
412306163
316589807
886820372
679731053
867085662
664649798
227206122
173112435
765378105
586386668
262087073
200334590
738671745
568207715
465711008
358809746
333887254
255526551
412306163
316589807
886820372
679731053
867085662
664649798
227206122
173112435
765378105
586386668
262087073
200334590
738671745
568207715
465711008
358809746
333887254
255526551
412306163
316589807
886820372
679731053
867085662
664649798
227206122
173112435
765378105
586386668
262087073
200334590
738671745
568207715
