348549718
311304886
296233460
262471418
341410574
304647603
246937163
217683054
397964214
358461823
316967342
282134127
385327313
345166829
278212024
246373175
356309901
319251303
339975534
303537802
355747228
317681635
432180004
393072679
368444350
329635169
397637918
358615331
387842175
347783622
356826715
319275674
396923212
357022106
469333305
426669429
414669949
374354505
409919390
369110122
309965375
274870677
385627051
347843906
349767542
312491294
228101813
200964288
385307196
348471247
253136808
223045211
186085599
163063601
348549718
311304886
296233460
262471418
341410574
304647603
246937163
217683054
397964214
358461823
316967342
282134127
385327313
345166829
278212024
246373175
356309901
319251303
339975534
303537802
355747228
317681635
432180004
393072679
368444350
329635169
397637918
358615331
387842175
347783622
356826715
319275674
396923212
357022106
469333305
426669429
414669949
374354505
409919390
369110122
309965375
274870677
385627051
347843906
349767542
312491294
228101813
200964288
385307196
348471247
253136808
223045211
186085599
163063601
348549718
311304886
296233460
262471418
341410574
304647603
246937163
217683054
397964214
358461823
316967342
282134127
385327313
345166829
278212024
246373175
356309901
319251303
339975534
303537802
355747228
317681635
432180004
393072679
368444350
329635169
397637918
358615331
387842175
347783622
356826715
319275674
396923212
357022106
469333305
426669429
414669949
374354505
409919390
369110122
309965375
274870677
385627051
347843906
349767542
312491294
228101813
200964288
385307196
348471247
253136808
223045211
186085599
163063601
