12706770
16049947
12057976
16566896
13194655
10499354
7803189
6757324
6067059
9231564
12709982
9119144
7891099
13196098
9306466
13363725
6656616
6504733
6451026
7544807
6053385
10518834
6925547
6419740
11251713
11011972
8584825
9163263
11370119
7851684
7370531
8179505
9607296
8665496
8905608
11607621
13118441
5830939
4505868
3489088
5119431
3882568
5531647
4867423
4441357
4415549
6780163
4896816
6708532
11900704
10244460
12041893
10577599
14451544
9868431
12419332
9333836
12461289
10215425
8761922
8572696
8740608
15459180
10121427
7826510
7628675
17261730
11356185
18007458
8165529
12605461
15667648
17999348
18747827
16305411
17290756
15967093
15147939
24032749
13576980
19482794
19314431
14371367
13352560
12423636
11368639
6664829
7147282
7842296
9696344
8617224
11912625
10819971
5981528
7785172
8038414
9601432
12223006
7352717
9000307
9107516
9331291
8450457
7803767
7267597
13664633
16605302
15697995
18190614
17116495
16653832
18314322
37957494
13924099
14187022
14333462
12726923
11917405
12183388
12916124
14003258
14231014
12609334
12217502
15318351
12722004
8092611
7080404
6546024
6550599
7136758
10396843
8195200
7895357
8423156
7468009
6606159
6339840
7456315
7448039
6610119
7492497
11270199
6757217
6363255
12146766
9149013
8516568
11187260
8237462
7286408
8979303
8048412
11396293
9438335
8281348
5263823
15085927
5472253
3493270
4685171
4013580
4952558
5394989
5107129
5655946
7222849
12639718
5369364
6607454
10542434
12707203
12187631
11762918
13899135
9326760
7820708
10498918
10542250
11078322
9729846
9142599
9169254
13832514
8268678
11475450
13299796
15641784
17781524
18927132
11767639
12458090
12706770
16049947
12057976
16566896
13194655
10499354
7803189
6757324
6067059
9231564
12709982
9119144
7891099
13196098
9306466
13363725
6656616
6504733
6451026
7544807
6053385
10518834
6925547
6419740
11251713
11011972
8584825
9163263
11370119
7851684
7370531
8179505
9607296
8665496
8905608
11607621
13118441
5830939
4505868
3489088
5119431
3882568
5531647
4867423
4441357
4415549
6780163
4896816
6708532
11900704
10244460
12041893
10577599
14451544
9868431
12419332
9333836
12461289
10215425
8761922
8572696
8740608
15459180
10121427
7826510
7628675
17261730
11356185
18007458
8165529
12605461
15667648
17999348
18747827
16305411
17290756
15967093
15147939
24032749
13576980
19482794
19314431
14371367
13352560
12423636
11368639
6664829
7147282
7842296
9696344
8617224
11912625
10819971
5981528
7785172
8038414
9601432
12223006
7352717
9000307
9107516
9331291
8450457
7803767
7267597
13664633
16605302
15697995
18190614
17116495
16653832
18314322
37957494
13924099
14187022
14333462
12726923
11917405
12183388
12916124
14003258
14231014
12609334
12217502
15318351
12722004
8092611
7080404
6546024
6550599
7136758
10396843
8195200
7895357
8423156
7468009
6606159
6339840
7456315
7448039
6610119
7492497
11270199
6757217
6363255
12146766
9149013
8516568
11187260
8237462
7286408
8979303
8048412
11396293
9438335
8281348
5263823
15085927
5472253
3493270
4685171
4013580
4952558
5394989
5107129
5655946
7222849
12639718
5369364
6607454
10542434
12707203
12187631
11762918
13899135
9326760
7820708
10498918
10542250
11078322
9729846
9142599
9169254
13832514
8268678
11475450
13299796
15641784
17781524
18927132
11767639
12458090
12706770
16049947
12057976
16566896
13194655
10499354
7803189
6757324
6067059
9231564
12709982
9119144
7891099
13196098
9306466
13363725
6656616
6504733
6451026
7544807
6053385
10518834
6925547
6419740
11251713
11011972
8584825
9163263
11370119
7851684
7370531
8179505
9607296
8665496
8905608
11607621
13118441
5830939
4505868
3489088
5119431
3882568
5531647
4867423
4441357
4415549
6780163
4896816
6708532
11900704
10244460
12041893
10577599
14451544
9868431
12419332
9333836
12461289
10215425
8761922
8572696
8740608
15459180
10121427
7826510
7628675
17261730
11356185
18007458
8165529
12605461
15667648
17999348
18747827
16305411
17290756
15967093
15147939
24032749
13576980
19482794
19314431
14371367
13352560
12423636
11368639
6664829
7147282
7842296
9696344
8617224
11912625
10819971
5981528
7785172
8038414
9601432
12223006
7352717
9000307
9107516
9331291
8450457
7803767
7267597
13664633
16605302
15697995
18190614
17116495
16653832
18314322
37957494
13924099
14187022
14333462
12726923
11917405
12183388
12916124
14003258
14231014
12609334
12217502
15318351
12722004
8092611
7080404
6546024
6550599
7136758
10396843
8195200
7895357
8423156
7468009
6606159
6339840
7456315
7448039
6610119
7492497
11270199
6757217
6363255
12146766
9149013
8516568
11187260
8237462
7286408
8979303
8048412
11396293
9438335
8281348
5263823
15085927
5472253
3493270
4685171
4013580
4952558
5394989
5107129
5655946
7222849
12639718
5369364
6607454
10542434
12707203
12187631
11762918
13899135
9326760
7820708
10498918
10542250
11078322
9729846
9142599
9169254
13832514
8268678
11475450
13299796
15641784
17781524
18927132
11767639
12458090
14175426
17902910
13453827
18483999
14709515
11702431
8687368
7525298
6756271
10283944
14136285
10147988
8783233
14669426
10383260
14857142
7411224
7244622
7184409
8413983
6734885
11711728
7703202
7145097
12514807
12273180
9569430
10216459
12663243
8752127
8215329
9114378
10708621
9655074
9914761
12925009
14611798
6486304
5008667
3883618
5692196
4314548
6136775
5407749
4934809
4906333
7522900
5444561
7440994
13277581
11428406
13437346
11803187
16117932
11011964
13862288
10412725
13910318
11392153
9773810
9555057
9737580
17247178
11282260
8729365
8502695
19245802
12659885
20066317
9097718
14060972
17448588
20075722
20898187
18179707
19268263
17804543
16868659
26820580
15138119
21718454
21526277
16036271
14890834
13855828
12673329
7423007
7961572
8733961
10800637
9598745
13274523
12062206
6668226
8668702
8955013
10705186
13621556
8194483
10037467
10163430
10402085
9413921
8697652
8100244
15234266
18510428
17503855
20270117
19069199
18578717
20408009
42367197
15517539
15816867
15978934
14196558
13290685
13586353
14401423
15608658
15872032
14060379
13627017
17088944
14190164
9011215
7881566
7288981
7300977
7944740
11553153
9116407
8789322
9388034
8319438
7345967
7059068
8293777
8304153
7358983
8325584
12533229
7524710
7084281
13537294
10197408
9495182
12457792
9177326
8117915
10012376
8964025
12682410
10508545
9226959
5851889
16802170
6086789
3887405
5206649
4462237
5505467
5983630
5678108
6286541
8004490
14103471
5972791
7328406
11763727
14184243
13597875
13123255
15504913
10404754
8716601
11715538
11766999
12359159
10855203
10190230
10222712
15427484
9215048
12787849
14825195
17440134
19817822
21099445
13129055
13882196
