46049239
40512541
108116560
97134769
90255416
80856151
85585870
76528662
128032273
115436918
47950549
42320322
43011213
37848805
47593927
41926095
50754395
44847756
97041143
86955684
125912409
113667390
88017472
78728033
104748900
94013841
115786092
104261302
116275080
104692227
124246655
112023587
110988192
99789995
124089356
111777637
116685909
105076172
97756652
87668449
94771431
85492530
105164056
95042220
95837021
86641785
81710883
73625408
90835036
81990450
103014316
93179509
87087073
78620500
80462027
72342308
74764101
67238737
75254254
67746240
81470599
73388560
26449231
23204467
25247678
22164198
30348595
26733014
26698268
23519046
27938137
24544011
35960598
31826599
26530197
23309835
36298333
32108150
30493303
26882575
29607809
26188968
34846674
30778269
113903816
102540698
30406455
26425624
39046284
34223860
47805387
42134493
58404740
51745363
52037540
45986353
21256709
18171864
69682952
61993351
118701726
106855968
38840425
33967885
63119119
56038105
83632856
74717286
105675717
94908377
91540855
82000752
92481715
82833098
89684642
80262112
68901221
61356012
133641644
120687220
93850560
84166600
110567032
99442244
73596423
65579098
81243621
73078789
84614523
76259884
93400581
83745470
88300078
79578877
120210232
108851556
92516481
83443257
84501885
76212332
96870441
87460901
95724020
86563736
97380296
87852466
30366442
26747983
17682685
15334492
29457252
25934103
27712058
24336202
22270733
19476608
22672155
19797800
28047155
24672225
31121507
27408290
29465518
25951962
46049239
40512541
108116560
97134769
90255416
80856151
85585870
76528662
128032273
115436918
47950549
42320322
43011213
37848805
47593927
41926095
50754395
44847756
97041143
86955684
125912409
113667390
88017472
78728033
104748900
94013841
115786092
104261302
116275080
104692227
124246655
112023587
110988192
99789995
124089356
111777637
116685909
105076172
97756652
87668449
94771431
85492530
105164056
95042220
95837021
86641785
81710883
73625408
90835036
81990450
103014316
93179509
87087073
78620500
80462027
72342308
74764101
67238737
75254254
67746240
81470599
73388560
26449231
23204467
25247678
22164198
30348595
26733014
26698268
23519046
27938137
24544011
35960598
31826599
26530197
23309835
36298333
32108150
30493303
26882575
29607809
26188968
34846674
30778269
113903816
102540698
30406455
26425624
39046284
34223860
47805387
42134493
58404740
51745363
52037540
45986353
21256709
18171864
69682952
61993351
118701726
106855968
38840425
33967885
63119119
56038105
83632856
74717286
105675717
94908377
91540855
82000752
92481715
82833098
89684642
80262112
68901221
61356012
133641644
120687220
93850560
84166600
110567032
99442244
73596423
65579098
81243621
73078789
84614523
76259884
93400581
83745470
88300078
79578877
120210232
108851556
92516481
83443257
84501885
76212332
96870441
87460901
95724020
86563736
97380296
87852466
30366442
26747983
17682685
15334492
29457252
25934103
27712058
24336202
22270733
19476608
22672155
19797800
28047155
24672225
31121507
27408290
29465518
25951962
46049239
40512541
108116560
97134769
90255416
80856151
85585870
76528662
128032273
115436918
47950549
42320322
43011213
37848805
47593927
41926095
50754395
44847756
97041143
86955684
125912409
113667390
88017472
78728033
104748900
94013841
115786092
104261302
116275080
104692227
124246655
112023587
110988192
99789995
124089356
111777637
116685909
105076172
97756652
87668449
94771431
85492530
105164056
95042220
95837021
86641785
81710883
73625408
90835036
81990450
103014316
93179509
87087073
78620500
80462027
72342308
74764101
67238737
75254254
67746240
81470599
73388560
26449231
23204467
25247678
22164198
30348595
26733014
26698268
23519046
27938137
24544011
35960598
31826599
26530197
23309835
36298333
32108150
30493303
26882575
29607809
26188968
34846674
30778269
113903816
102540698
30406455
26425624
39046284
34223860
47805387
42134493
58404740
51745363
52037540
45986353
21256709
18171864
69682952
61993351
118701726
106855968
38840425
33967885
63119119
56038105
83632856
74717286
105675717
94908377
91540855
82000752
92481715
82833098
89684642
80262112
68901221
61356012
133641644
120687220
93850560
84166600
110567032
99442244
73596423
65579098
81243621
73078789
84614523
76259884
93400581
83745470
88300078
79578877
120210232
108851556
92516481
83443257
84501885
76212332
96870441
87460901
95724020
86563736
97380296
87852466
30366442
26747983
17682685
15334492
29457252
25934103
27712058
24336202
22270733
19476608
22672155
19797800
28047155
24672225
31121507
27408290
29465518
25951962
