88036341
80525136
82187591
75894097
142305731
133592599
184635196
174179859
123891195
115500675
34548869
32034528
29092391
26853938
76605364
69879850
227542392
210825824
144514372
132506800
185202700
170307239
267563760
248656327
88036341
80525136
82187591
75894097
142305731
133592599
184635196
174179859
123891195
115500675
34548869
32034528
29092391
26853938
76605364
69879850
227542392
210825824
144514372
132506800
185202700
170307239
267563760
248656327
88036341
80525136
82187591
75894097
142305731
133592599
184635196
174179859
123891195
115500675
34548869
32034528
29092391
26853938
76605364
69879850
227542392
210825824
144514372
132506800
185202700
170307239
267563760
248656327
