PXD000603
105917818
98475222
PXD000651
5646273839
PXD000652
8398740851
PXD000653
1135100197
PXD000654
9951849108
PXD000655
692792932
PXD000656
889441808
PXD000657
8162662838
PXD000944
27971364
22677622
33477171
41527455
37055004
30465888
40122256
40971153
39886504
104651343
104099231
102387866
105687928
105081139
66149629
56209469
64569159
64203282
57877921
64588169
59751143
54701421
65786088
68107864
34206816
4690859
18744074
26543178
55963889
45013820
28325927
46868352
13293170
56109475
90755344
89600068
90297553
93347600
71462164
76930571
56642589
55761664
92931551
92153417
72307615
71194873
67379054
38883673
48042735
49704555
32160862
52911856
84047853
78957189
41360279
90169067
90887284
91518123
44697142
55471959
60287835
54576053
55587965
91487998
39421429
31417076
34884541
32759698
31722506
30281223
42828391
40558410
41950460
39377492
72835258
60375266
54136172
58014036
57786205
60433046
54896079
59875761
61918339
62701463
21176584
21315192
55922069
59646971
24247303
46755792
47772240
41450725
46542793
55991059
41209924
27940090
40516682
36773331
40565386
44050530
25478150
39166533
37945780
23261471
97263052
92275160
92727777
93885220
92843436
PXD001694
465711008
358809746
333887254
255526551
412306163
316589807
886820372
679731053
867085662
664649798
227206122
173112435
765378105
586386668
262087073
200334590
738671745
568207715
PXD002117
10812322376
10076190365
PXD002211
107303795
87315569
56603541
41573423
62047615
51288753
100341228
83941391
81263023
68354639
77306093
65275427
PXD002212
73214644
63143666
91243961
76616864
45696342
40851046
43449779
38985134
57365630
42448648
75767247
62115035
PXD002523
54306831
42703675
63281151
40209411
63284374
121722518
123979171
33494449
49256008
30660106
PXD002614
28615249
25740998
30919995
27913369
77101723
70185897
67053200
61098300
150961010
136659854
155051751
140768036
63249549
57957448
74246485
68230929
159920769
145160796
80856884
74032279
196821194
178394623
122605972
107701735
159200438
143119532
36266248
32108505
165142070
149624433
71849762
66028956
PXD003271
168453746
99675320
85892626
50430761
98807721
58338298
159608298
94259424
138093218
80818470
171838149
100931567
166444967
97698403
174981499
103054396
173084643
101826828
148963235
87988105
103583322
59703976
160374446
94079805
128742569
75865107
76055044
43603827
138884864
81596831
169274390
99863259
166975700
98532563
124672914
75077709
124672914
75090841
35930836
21406027
188074733
111588834
163157161
96339025
70043473
40496666
159882519
94177192
80368782
46909760
160383698
94073252
162128990
95085817
97758701
56426879
94971957
54826955
110446746
63947581
96722776
55795683
104494655
60368291
95126055
54966496
158891771
93109710
140256477
81884303
122885181
71835607
113834529
65851933
141165212
82289115
135531393
79466699
100879217
58204407
114833336
66388470
115851609
66975538
166768059
98044467
166852866
98045121
164199943
96185993
66731392
38770957
139028239
81249323
82364614
47436878
169744031
99799627
157454868
92268608
143082118
84082587
132747867
78040632
85050207
48888740
153270699
89694482
118202142
68874939
157791704
93132333
61795383
36002832
75396683
44188225
139743950
82062202
78573836
46184435
73089237
42463679
184465886
109409033
162063443
96050106
61591366
35497986
152143217
89641799
183570683
108605926
8958194
4445570
6835045
3239346
108036832
63233294
82497352
48398929
76160560
44694403
69880303
40646138
60502398
35553222
55467089
32590244
69953786
41180247
69042002
40228245
136062572
80346792
141724638
84840717
65214719
37934573
59085803
34329705
151756707
89297808
74253851
43157401
58504383
34127767
68615898
39802804
65188864
38248522
62483951
36489081
76624249
44664473
74210869
43174597
74096271
42833884
73770286
43076699
142199379
83912348
77981519
45657577
70645404
41416819
77332261
45500879
154040521
90665036
179209354
105582423
175813159
103436958
167703394
98431119
167898184
98522099
73570129
42304267
168662568
99171625
97495120
56830048
165343413
97060801
77142376
44348028
127622397
74451011
101514655
58349155
102221033
58916626
101756053
58520013
110677414
63985654
124438664
72152235
112649924
65114512
155873890
91348799
159773689
93649270
164546604
96433872
162248620
95153460
80981169
46634320
163852435
96073062
77496647
44466031
106484208
61524720
147386834
86376961
171982857
101050045
158505586
92909934
152107282
89153158
176135510
103510230
155525130
91347879
187761565
111343790
71913925
42418079
155463466
91596352
42725105
24438308
102008372
60280015
25075697
14629932
16699251
9136529
19130932
10502767
25140228
14521104
171802464
101413416
6226800
3543893
56548711
32968168
76120606
44140526
169217056
100081810
169828002
100157896
56970458
33163607
12542639
6857945
6823140
3288992
3399286
1189318
55870606
32511011
54526503
31740800
57972696
34103063
51463712
30114778
49096211
28298290
25482544
14501978
19825701
11327661
23954656
13832125
17160456
9635134
14698135
8275815
181860354
107761239
26727178
15159925
121612747
71988552
69841007
40455375
66392736
38907855
67703836
39442437
64981612
37987091
67712450
39596491
160779569
94864385
62554089
36266920
61852557
36046039
72355093
42252671
62647828
36593837
82860222
48442474
63526180
36854623
67476237
39232048
150063783
89337017
125696259
73650496
35744366
20887075
120313002
71814728
90900309
53338788
57529953
33584445
171752031
101444153
21157952
11514549
PXD003406
72312181
65211581
134679444
123263683
73234628
65960462
102407264
93166637
137158076
125221129
84709045
76697629
102417994
93205924
40657465
37919549
90146012
81485239
35381881
32808441
24177223
22104956
15760962
14195688
331200820
309542969
45411288
42499154
37732315
34958674
36156433
33579527
24968313
22860172
15626605
14087024
37038841
34271725
40997147
38221034
43180245
40351072
40361612
37586950
3553397
3237055
3899584
3553003
125765801
114919703
122382743
111703916
PXD003407
88724174
80638141
127535024
116697830
40650238
37911598
82707308
74948005
4233844
3859978
127193199
116502970
3785674
3457029
48901631
45912220
43245349
40337620
18316587
16662464
27137478
25009615
41788637
39037884
41531950
38661896
27500043
25331172
18593464
16909499
341784600
319393285
39018152
36409116
45812017
42829786
148543554
136201730
113927159
104125201
134452821
122983566
37264069
34683871
45422431
42434672
94615791
86147141
70714533
63667351
140542639
128876924
PXD003408
18621427
17020466
75428377
67954875
3908754
3539169
41426992
38703526
313140968
292802541
23035159
21254356
27654270
25554285
52148764
47868800
17264399
15622860
140896376
129238303
22455175
20652157
22367944
20573132
80625713
74730373
75498666
69725788
116472961
106741636
71404543
65134281
19880231
17928081
21369124
19658792
23938253
22074732
10559282
9560595
19489488
17961407
24703658
22558552
18268776
16860140
10150541
9175329
22029238
20207197
5455764
4893068
PXD003409
3971525
3597752
29398609
26080858
118616636
108584861
143322216
131511255
126905082
116126097
34780884
31635892
76649681
70947522
54091812
49338137
20726449
19078194
23250306
21437438
24066394
22209402
32627780
30325953
239974724
222693816
29632448
27392117
47682173
44574855
11933492
10768754
22292742
20505192
30007404
27748679
48870016
45734276
13097428
11830962
23330278
21494206
79877043
72211757
2864383
2619112
57912576
51813797
72368376
66955669
20919419
19241771
PXD003411
40883861
38440068
40486598
38128867
37170333
34968576
38669970
36318626
42781901
40159203
43335091
40688878
PXD003412
88036341
80525136
82187591
75894097
142305731
133592599
184635196
174179859
123891195
115500675
34548869
32034528
29092391
26853938
76605364
69879850
227542392
210825824
144514372
132506800
185202700
170307239
267563760
248656327
PXD003413
109288891
101928159
188086683
173562124
120201425
109814934
118132555
107602014
64591380
59337854
75240287
69116195
139581206
130818490
36903260
34310322
93202848
85396316
28112362
25914557
72089044
65667431
222715620
206068849
PXD003414
82630142
74925166
26897823
24120715
47467218
43324160
82702902
76160445
22899805
21410467
94190059
86429834
28489902
26333556
72397362
65962775
110082551
100132205
97056518
88185521
47776625
42677168
58644165
53656845
PXD003415
85607486
79150892
117281558
107246537
134850293
123265755
144433254
132460401
36006043
32516745
67000128
61713373
76030260
69938300
43078571
40247089
66809137
60158541
103854497
95446986
32483236
30182584
77693536
71100402
PXD003416
158912173
150023044
160296097
151355289
39724801
36500468
31003613
28783786
36478437
33453516
27603613
25554223
PXD003417
27149124
25090647
35183646
32187785
28248261
26157717
36847539
33780404
161144012
152181775
161819609
152831038
PXD003552
478416401
302450174
414812783
363580693
365913910
411439473
372037027
368252592
317843262
460598951
370412848
369485873
390516925
400108253
399705078
383360037
392882015
346210407
381247993
251482169
474674484
456751364
364968186
356754313
358278748
346491065
359945956
435423678
413924426
404374934
437374664
375647769
369330035
410307557
446985034
415849058
PXD003965
5914349
5322660
5733931
5152864
6191372
5586842
8001403
7307947
11557698
10680868
5721162
5141014
PXD004051
44195816
50702529
46412357
37494836
39864393
45660313
46345660
14645316
27532426
41764927
20398736
44173552
30186391
42301185
37157508
60690387
PXD004280
46049239
40512541
108116560
97134769
90255416
80856151
85585870
76528662
128032273
115436918
47950549
42320322
43011213
37848805
47593927
41926095
50754395
44847756
97041143
86955684
125912409
113667390
88017472
78728033
104748900
94013841
115786092
104261302
116275080
104692227
124246655
112023587
110988192
99789995
124089356
111777637
116685909
105076172
97756652
87668449
94771431
85492530
105164056
95042220
95837021
86641785
81710883
73625408
90835036
81990450
103014316
93179509
87087073
78620500
80462027
72342308
74764101
67238737
75254254
67746240
81470599
73388560
26449231
23204467
25247678
22164198
30348595
26733014
26698268
23519046
27938137
24544011
35960598
31826599
26530197
23309835
36298333
32108150
30493303
26882575
29607809
26188968
34846674
30778269
113903816
102540698
30406455
26425624
39046284
34223860
47805387
42134493
58404740
51745363
52037540
45986353
21256709
18171864
69682952
61993351
118701726
106855968
38840425
33967885
63119119
56038105
83632856
74717286
105675717
94908377
91540855
82000752
92481715
82833098
89684642
80262112
68901221
61356012
133641644
120687220
93850560
84166600
110567032
99442244
73596423
65579098
81243621
73078789
84614523
76259884
93400581
83745470
88300078
79578877
120210232
108851556
92516481
83443257
84501885
76212332
96870441
87460901
95724020
86563736
97380296
87852466
30366442
26747983
17682685
15334492
29457252
25934103
27712058
24336202
22270733
19476608
22672155
19797800
28047155
24672225
31121507
27408290
29465518
25951962
PXD004624
33629355
31197631
31925660
29515216
21342501
19925017
23910004
22396045
24630532
23091436
34163056
31623314
PXD004625
24711201
22807360
16939362
15818018
21084422
19409951
13580570
12645449
21104044
19453816
15037866
14038317
PXD004626
18431727
16708151
20714508
18839055
14697129
13466689
16346664
14758523
11799550
10731185
12770387
11652218
PXD004682
12706770
16049947
12057976
16566896
13194655
10499354
7803189
6757324
6067059
9231564
12709982
9119144
7891099
13196098
9306466
13363725
6656616
6504733
6451026
7544807
6053385
10518834
6925547
6419740
11251713
11011972
8584825
9163263
11370119
7851684
7370531
8179505
9607296
8665496
8905608
11607621
13118441
5830939
4505868
3489088
5119431
3882568
5531647
4867423
4441357
4415549
6780163
4896816
6708532
11900704
10244460
12041893
10577599
14451544
9868431
12419332
9333836
12461289
10215425
8761922
8572696
8740608
15459180
10121427
7826510
7628675
17261730
11356185
18007458
8165529
12605461
15667648
17999348
18747827
16305411
17290756
15967093
15147939
24032749
13576980
19482794
19314431
14371367
13352560
12423636
11368639
6664829
7147282
7842296
9696344
8617224
11912625
10819971
5981528
7785172
8038414
9601432
12223006
7352717
9000307
9107516
9331291
8450457
7803767
7267597
13664633
16605302
15697995
18190614
17116495
16653832
18314322
37957494
13924099
14187022
14333462
12726923
11917405
12183388
12916124
14003258
14231014
12609334
12217502
15318351
12722004
8092611
7080404
6546024
6550599
7136758
10396843
8195200
7895357
8423156
7468009
6606159
6339840
7456315
7448039
6610119
7492497
11270199
6757217
6363255
12146766
9149013
8516568
11187260
8237462
7286408
8979303
8048412
11396293
9438335
8281348
5263823
15085927
5472253
3493270
4685171
4013580
4952558
5394989
5107129
5655946
7222849
12639718
5369364
6607454
10542434
12707203
12187631
11762918
13899135
9326760
7820708
10498918
10542250
11078322
9729846
9142599
9169254
13832514
8268678
11475450
13299796
15641784
17781524
18927132
11767639
12458090
PXD004818
348549718
311304886
296233460
262471418
341410574
304647603
246937163
217683054
397964214
358461823
316967342
282134127
385327313
345166829
278212024
246373175
356309901
319251303
339975534
303537802
355747228
317681635
432180004
393072679
368444350
329635169
397637918
358615331
387842175
347783622
356826715
319275674
396923212
357022106
469333305
426669429
414669949
374354505
409919390
369110122
309965375
274870677
385627051
347843906
349767542
312491294
228101813
200964288
385307196
348471247
253136808
223045211
186085599
163063601
PXD004987
173816020
101134902
393332231
232330795
280862298
163790607
303355485
177136700
75983800
43722028
279333255
162937301
344581478
202029005
522575219
313962593
308387000
180155111
PXD005150
3810816
1392434
1257152
1085168
3275416
2107512
2617486
3192218
3133188
2344112
2988043
2357143
3180398
3369118
3470614
1862569
3202376
1423979
2378639
2905141
1489786
3422154
1270833
3301132
3557543
3015947
2337081
952357
706003
935460
2752344
3528313
1507999
1177780
802251
2531117
2733830
1975983
942277
1100181
691909
3512619
PXD005733
PXD006552
17175291
14859551
6341751
5530757
15037668
13036402
7177287
6288508
11869057
10313330
6751124
5929366
17480596
15126760
7397479
6493523
17486747
15173626
8164987
7136245
15437645
13345486
6897256
6061509
18555782
16076385
16333893
14126703
17210426
14892507
8059642
7048206
16387932
14187849
6624488
5823254
18790460
16285833
8207281
7156222
10859353
9415492
7343676
6458570
PXD000603
PXD000651
PXD000652
PXD000653
PXD000654
PXD000655
PXD000656
PXD000657
PXD000944
PXD001694
PXD002117
PXD002211
PXD002212
PXD002523
PXD002614
PXD003271
PXD003406
PXD003407
PXD003408
PXD003409
PXD003411
PXD003412
PXD003413
PXD003414
PXD003415
PXD003416
PXD003417
PXD003552
PXD003965
PXD004051
PXD004280
PXD004624
PXD004625
PXD004626
PXD004682
PXD004818
PXD004987
PXD005150
PXD005733
PXD006552
PXD000603
PXD000651
PXD000652
PXD000653
PXD000654
PXD000655
PXD000656
PXD000657
PXD000944
PXD001694
PXD002117
PXD002211
PXD002212
PXD002523
PXD002614
PXD003271
PXD003406
PXD003407
PXD003408
PXD003409
PXD003411
PXD003412
PXD003413
PXD003414
PXD003415
PXD003416
PXD003417
PXD003552
PXD003965
PXD004051
PXD004280
PXD004624
PXD004625
PXD004626
PXD004682
PXD004818
PXD004987
PXD005150
PXD005733
PXD006552
